G*@0i,voltage,current,altitude,latitude,longitude,tas,gps_used,fix_type,satellites_num,roll,yaw,pitch,motor_status,imu_status,press_compass_status,f_mode,gps_status,vehicle_type,error_flags1,gps_accH
20180929 11:15:57:692,-38,16.7,0.0,1.9626722E7,2.2347777,181.19913,1.01,false,0,0,-0.47,341.66,0.07,255,97,85,16,1,5,0,4.4
20180929 11:15:57:725,-32,16.7,0.0,-0.08,0.0,0.0,0.0,false,0,0,-0.47,341.66,0.07,255,97,85,16,1,5,0,4.4
20180929 11:15:57:759,-32,16.7,0.0,-0.08,0.0,0.0,0.0,false,0,0,-0.47,341.66,0.07,255,97,85,16,1,5,0,4.4
20180929 11:15:57:842,-36,16.7,0.0,-0.08,0.0,0.0,0.0,false,0,0,-0.47,341.66998,0.07,255,97,85,16,1,5,0,4.4
20180929 11:15:57:891,-34,16.7,0.0,-0.08,0.0,0.0,0.0,false,0,0,-0.47,341.66998,0.06,255,97,85,16,1,5,0,4.4
20180929 11:15:57:932,-31,16.7,0.0,-0.08,0.0,0.0,0.0,false,0,0,-0.47,341.66998,0.06,255,97,85,16,1,5,0,4.4
20180929 11:15:58:035,-33,16.7,0.0,-0.08,0.0,0.0,0.0,false,0,0,-0.47,341.66998,0.06,255,97,85,16,1,5,0,4.4
20180929 11:15:58:039,-30,16.7,0.0,-0.08,0.0,0.0,0.0,false,0,0,-0.47,341.68,0.06,255,97,85,16,1,5,0,4.4
20180929 11:15:58:048,-31,16.7,0.0,-0.08,0.0,0.0,0.0,false,0,0,-0.47,341.68,0.06,255,97,85,16,1,5,0,4.4
20180929 11:15:58:098,-39,16.7,0.0,-0.09,0.0,0.0,0.0,false,0,0,-0.47,341.68,0.06,255,97,85,16,1,5,0,4.4
20180929 11:15:58:139,-42,16.7,0.0,-0.09,0.0,0.0,0.0,false,0,0,-0.47,341.68,0.06,255,97,85,16,1,5,0,4.4
20180929 11:15:58:179,-30,16.7,0.0,-0.09,0.0,0.0,0.0,false,0,0,-0.47,341.69,0.06,255,97,85,16,1,5,0,4.4
20180929 11:15:58:218,-33,16.7,0.0,-0.09,0.0,0.0,0.0,false,0,0,-0.47,341.69,0.06,255,97,85,16,1,5,0,4.4
20180929 11:15:58:258,-28,16.7,0.0,-0.09,0.0,0.0,0.0,false,0,0,-0.47,341.69,0.06,255,97,85,16,1,5,0,4.4
20180929 11:15:58:298,-32,16.7,0.0,-0.09,0.0,0.0,0.0,false,0,0,-0.47,341.69,0.06,255,97,85,16,1,5,0,4.4
20180929 11:15:58:338,-39,16.7,0.0,-0.09,0.0,0.0,0.0,false,0,0,-0.47,341.69,0.06,255,97,85,16,1,5,0,4.4
20180929 11:15:58:378,-32,16.7,0.0,-0.08,0.0,0.0,0.0,false,0,0,-0.47,341.7,0.06,255,97,85,16,1,5,0,4.4
20180929 11:15:58:420,-38,16.7,0.0,-0.08,0.0,0.0,0.0,false,0,0,-0.47,341.7,0.06,255,97,85,16,1,5,0,4.4
20180929 11:15:58:499,-38,16.7,0.0,-0.08,0.0,0.0,0.0,false,0,0,-0.47,341.7,0.06,255,97,85,16,1,5,0,4.4
20180929 11:15:58:560,-33,16.7,0.0,-0.09,0.0,0.0,0.0,false,0,0,-0.47,341.71,0.06,255,97,85,16,1,5,0,4.4
20180929 11:15:58:784,-29,16.7,0.0,-0.1,0.0,0.0,0.0,false,0,0,-0.47,341.72,0.06,255,97,85,16,1,5,0,4.4
20180929 11:15:58:930,-33,16.7,0.0,-0.1,0.0,0.0,0.0,false,0,0,-0.47,341.73,0.06,255,97,85,16,1,5,0,4.4
20180929 11:15:58:944,-33,16.7,0.0,-0.1,0.0,0.0,0.0,false,0,0,-0.47,341.73,0.06,255,97,85,16,1,5,0,4.4
20180929 11:15:59:024,-30,16.7,0.0,-0.1,0.0,0.0,0.0,false,0,0,-0.47,341.73,0.06,255,97,85,16,1,5,0,4.4
20180929 11:15:59:122,-45,16.7,0.0,-0.1,0.0,0.0,0.0,false,0,0,-0.47,341.74,0.06,255,97,85,16,1,5,0,4.4
20180929 11:15:59:144,-31,16.7,0.0,-0.11,0.0,0.0,0.0,false,0,0,-0.47,341.74,0.06,255,97,85,16,1,5,0,4.4
20180929 11:15:59:185,-33,16.7,0.0,-0.11,0.0,0.0,0.0,false,0,0,-0.47,341.74,0.06,255,97,85,16,1,5,0,4.4
20180929 11:15:59:307,-30,16.7,0.0,-0.12,0.0,0.0,0.0,false,0,0,-0.47,341.75,0.06,255,97,85,16,1,5,0,4.4
20180929 11:15:59:386,-37,16.7,0.0,-0.12,0.0,0.0,0.0,false,0,0,-0.47,341.75,0.06,255,97,85,16,1,5,0,4.4
20180929 11:15:59:617,-33,16.7,0.0,-0.13,0.0,0.0,0.0,false,0,0,-0.47,341.76,0.06,255,97,85,16,1,5,0,4.4
20180929 11:15:59:630,-53,16.7,0.0,-0.13,0.0,0.0,0.0,false,0,0,-0.47,341.77,0.06,255,97,85,16,1,5,0,4.4
20180929 11:15:59:714,-30,16.7,0.0,-0.12,0.0,0.0,0.0,false,0,0,-0.46,341.77,0.06,255,97,85,16,1,5,0,4.4
20180929 11:16:00:084,-29,16.7,0.0,-0.12,0.0,0.0,0.0,false,0,0,-0.46,341.79,0.06,255,97,85,16,1,5,0,4.4
20180929 11:16:00:144,-30,16.7,0.0,-0.12,0.0,0.0,0.0,false,0,0,-0.46,341.79,0.06,255,97,85,16,1,5,0,4.4
20180929 11:16:00:202,-30,16.7,0.0,-0.13,0.0,0.0,0.0,false,0,0,-0.46,341.79,0.06,255,97,85,16,1,5,0,4.4
20180929 11:16:00:255,-30,16.7,0.0,-0.13,0.0,0.0,0.0,false,0,0,-0.46,341.79,0.06,255,97,85,16,1,5,0,4.4
20180929 11:16:00:268,-44,16.7,0.0,-0.14,0.0,0.0,0.0,false,0,0,-0.46,341.8,0.06,255,97,85,16,1,5,0,4.4
20180929 11:16:00:313,-30,16.7,0.0,-0.13,0.0,0.0,0.0,false,0,0,-0.46,341.8,0.06,255,97,85,16,1,5,0,4.4
20180929 11:16:00:346,-30,16.7,0.0,-0.13,0.0,0.0,0.0,false,0,0,-0.46,341.8,0.06,255,97,85,16,1,5,0,4.4
20180929 11:16:00:396,-29,16.7,0.0,-0.14,0.0,0.0,0.0,false,0,0,-0.46,341.8,0.06,255,97,85,16,1,5,0,4.4
20180929 11:16:00:429,-30,16.7,0.0,-0.14,0.0,0.0,0.0,false,0,0,-0.46,341.81,0.06,255,97,85,16,1,5,0,4.4
20180929 11:16:00:482,-30,16.7,0.0,-0.14,0.0,0.0,0.0,false,0,0,-0.46,341.81,0.06,255,97,85,16,1,5,0,4.4
20180929 11:16:00:497,-29,16.7,0.0,-0.15,0.0,0.0,0.0,false,0,0,-0.46,341.81,0.06,255,97,85,16,1,5,0,4.4
20180929 11:16:00:530,-30,16.7,0.0,-0.15,0.0,0.0,0.0,false,0,0,-0.46,341.81,0.06,255,97,85,16,1,5,0,4.4
20180929 11:16:00:569,-30,16.7,0.0,-0.15,0.0,0.0,0.0,false,0,0,-0.46,341.81,0.06,255,97,85,16,1,5,0,4.4
20180929 11:16:00:610,-30,16.7,0.0,-0.15,0.0,0.0,0.0,false,0,0,-0.46,341.81,0.06,255,97,85,16,1,5,0,4.4
20180929 11:16:00:650,-31,16.7,0.0,-0.15,0.0,0.0,0.0,false,0,0,-0.46,341.82,0.06,255,97,85,16,1,5,0,4.4
20180929 11:16:00:691,-29,16.7,0.0,-0.15,0.0,0.0,0.0,false,0,0,-0.45,341.82,0.06,255,97,85,16,1,5,0,4.4
20180929 11:16:00:731,-40,16.7,0.0,-0.15,0.0,0.0,0.0,false,0,0,-0.45,341.82,0.06,255,97,85,16,1,5,0,4.4
20180929 11:16:00:771,-39,16.7,0.0,-0.15,0.0,0.0,0.0,false,0,0,-0.45,341.82,0.06,255,97,85,16,1,5,0,4.4
20180929 11:16:00:809,-31,16.7,0.0,-0.15,0.0,0.0,0.0,false,0,0,-0.45,341.82,0.06,255,97,85,16,1,5,0,4.4
20180929 11:16:00:849,-30,16.7,0.0,-0.16,0.0,0.0,0.0,false,0,0,-0.45,341.83002,0.06,255,97,85,16,1,5,0,4.4
20180929 11:16:00:908,-42,16.7,0.0,-0.16,0.0,0.0,0.0,false,0,0,-0.45,341.83002,0.06,255,97,85,16,1,5,0,4.4
20180929 11:16:00:930,-28,16.7,0.0,-0.16,0.0,0.0,0.0,false,0,0,-0.45,341.83002,0.06,255,97,85,16,1,5,0,4.4
20180929 11:16:00:971,-30,16.7,0.0,-0.17,0.0,0.0,0.0,false,0,0,-0.45,341.83002,0.06,255,97,85,16,1,5,0,4.4
20180929 11:16:01:012,-30,16.7,0.0,-0.16,0.0,0.0,0.0,false,0,0,-0.45,341.83002,0.06,255,97,85,16,1,5,0,4.4
20180929 11:16:01:051,-28,16.7,0.0,-0.16,0.0,0.0,0.0,false,0,0,-0.45,341.84,0.06,255,97,85,16,1,5,0,4.4
20180929 11:16:01:092,-41,16.7,0.0,-0.16,0.0,0.0,0.0,false,0,0,-0.45,341.84,0.06,255,97,85,16,1,5,0,4.4
20180929 11:16:01:152,-29,16.7,0.0,-0.16,0.0,0.0,0.0,false,0,0,-0.45,341.84,0.06,255,97,85,16,1,5,0,4.4
20180929 11:16:01:178,-29,16.7,0.0,-0.17,0.0,0.0,0.0,false,0,0,-0.45,341.84,0.06,255,97,85,16,1,5,0,4.4
20180929 11:16:01:232,-29,16.7,0.0,-0.17,0.0,0.0,0.0,false,0,0,-0.45,341.85,0.06,255,97,85,16,1,5,0,4.4

